14 13 22 174 12 83 43 43 15 54 242 310 0
16 2 5 93 8 26 13 16 32 17 63 145 0
17 0 1 19 1 10 3 6 2 10 27 42 0
19 4 3 25 0 9 7 5 3 7 31 51 0
24 6 12 165 12 85 13 29 14 21 139 251 1
18 8 10 200 4 55 18 14 10 24 121 260 0
14 6 15 174 12 83 43 43 15 54 242 310 0
16 2 3 93 8 26 13 16 32 17 63 145 0
17 0 0 19 1 10 3 6 2 10 27 42 0
19 0 5 25 0 9 7 5 3 7 31 51 0
24 2 10 165 12 85 13 29 14 21 139 251 1
18 3 6 200 4 55 18 14 10 24 121 260 0
14 6 12 174 12 83 43 43 15 54 242 310 0
16 1 3 93 8 26 13 16 32 17 63 145 0
17 2 1 19 1 10 3 6 2 10 27 42 0
19 4 8 25 0 9 7 5 3 7 31 51 0
24 0 2 165 12 85 13 29 14 21 139 251 1
18 4 8 200 4 55 18 14 10 24 121 260 0
14 8 9 174 12 83 43 43 15 54 242 310 0
16 2 2 93 8 26 13 16 32 17 63 145 0
17 0 1 19 1 10 3 6 2 10 27 42 0
19 3 5 25 0 9 7 5 3 7 31 51 0
24 7 4 165 12 85 13 29 14 21 139 251 1
18 4 3 200 4 55 18 14 10 24 121 260 0
14 25 24 174 12 83 43 43 15 54 242 310 0
16 8 8 93 8 26 13 16 32 17 63 145 0
17 3 2 19 1 10 3 6 2 10 27 42 0
19 1 3 25 0 9 7 5 3 7 31 51 0
24 9 17 165 12 85 13 29 14 21 139 251 1
18 11 13 200 4 55 18 14 10 24 121 260 0
14 18 18 174 12 83 43 43 15 54 242 310 0
16 3 9 93 8 26 13 16 32 17 63 145 0
17 1 4 19 1 10 3 6 2 10 27 42 0
19 1 3 25 0 9 7 5 3 7 31 51 0
24 10 17 165 12 85 13 29 14 21 139 251 1
18 6 12 200 4 55 18 14 10 24 121 260 0
14 10 31 174 12 83 43 43 15 54 242 310 0
16 2 7 93 8 26 13 16 32 17 63 145 0
17 0 1 19 1 10 3 6 2 10 27 42 0
19 1 2 25 0 9 7 5 3 7 31 51 0
24 5 12 165 12 85 13 29 14 21 139 251 1
18 3 11 200 4 55 18 14 10 24 121 260 0
14 4 16 174 12 83 43 43 15 54 242 310 0
16 0 6 93 8 26 13 16 32 17 63 145 0
17 0 1 19 1 10 3 6 2 10 27 42 0
19 1 2 25 0 9 7 5 3 7 31 51 0
24 4 10 165 12 85 13 29 14 21 139 251 1
18 3 6 200 4 55 18 14 10 24 121 260 0
14 4 9 174 12 83 43 43 15 54 242 310 0
16 2 2 93 8 26 13 16 32 17 63 145 0
17 1 0 19 1 10 3 6 2 10 27 42 0
19 1 5 25 0 9 7 5 3 7 31 51 0
24 1 4 165 12 85 13 29 14 21 139 251 1
18 1 10 200 4 55 18 14 10 24 121 260 0
14 4 6 174 12 83 43 43 15 54 242 310 0
16 1 0 93 8 26 13 16 32 17 63 145 0
17 0 0 19 1 10 3 6 2 10 27 42 0
19 3 2 25 0 9 7 5 3 7 31 51 0
24 6 2 165 12 85 13 29 14 21 139 251 1
18 7 0 200 4 55 18 14 10 24 121 260 0
14 24 26 174 12 83 43 43 15 54 242 310 0
16 6 6 93 8 26 13 16 32 17 63 145 0
17 1 2 19 1 10 3 6 2 10 27 42 0
19 2 4 25 0 9 7 5 3 7 31 51 0
24 6 11 165 12 85 13 29 14 21 139 251 1
18 6 5 200 4 55 18 14 10 24 121 260 0
14 24 28 174 12 83 43 43 15 54 242 310 0
16 2 3 93 8 26 13 16 32 17 63 145 0
17 3 4 19 1 10 3 6 2 10 27 42 0
19 1 7 25 0 9 7 5 3 7 31 51 0
24 7 9 165 12 85 13 29 14 21 139 251 1
18 5 4 200 4 55 18 14 10 24 121 260 0
14 10 31 174 12 83 43 43 15 54 242 310 0
16 2 5 93 8 26 13 16 32 17 63 145 0
17 1 2 19 1 10 3 6 2 10 27 42 0
19 0 1 25 0 9 7 5 3 7 31 51 0
24 4 13 165 12 85 13 29 14 21 139 251 1
18 4 10 200 4 55 18 14 10 24 121 260 0
14 9 17 174 12 83 43 43 15 54 242 310 0
16 1 4 93 8 26 13 16 32 17 63 145 0
17 0 1 19 1 10 3 6 2 10 27 42 0
19 2 1 25 0 9 7 5 3 7 31 51 0
24 1 13 165 12 85 13 29 14 21 139 251 1
18 0 13 200 4 55 18 14 10 24 121 260 0
14 5 11 174 12 83 43 43 15 54 242 310 0
16 2 3 93 8 26 13 16 32 17 63 145 0
17 1 2 19 1 10 3 6 2 10 27 42 0
19 2 5 25 0 9 7 5 3 7 31 51 0
24 2 3 165 12 85 13 29 14 21 139 251 1
18 3 13 200 4 55 18 14 10 24 121 260 0
14 8 5 174 12 83 43 43 15 54 242 310 0
16 4 3 93 8 26 13 16 32 17 63 145 0
17 2 1 19 1 10 3 6 2 10 27 42 0
19 1 0 25 0 9 7 5 3 7 31 51 0
24 5 5 165 12 85 13 29 14 21 139 251 1
18 4 3 200 4 55 18 14 10 24 121 260 0
14 17 28 174 12 83 43 43 15 54 242 310 0
16 2 7 93 8 26 13 16 32 17 63 145 0
17 0 3 19 1 10 3 6 2 10 27 42 0
19 1 3 25 0 9 7 5 3 7 31 51 0
24 10 10 165 12 85 13 29 14 21 139 251 1
18 8 10 200 4 55 18 14 10 24 121 260 0
14 21 25 174 12 83 43 43 15 54 242 310 0
16 3 1 93 8 26 13 16 32 17 63 145 0
17 0 0 19 1 10 3 6 2 10 27 42 0
19 3 3 25 0 9 7 5 3 7 31 51 0
24 5 13 165 12 85 13 29 14 21 139 251 1
18 7 10 200 4 55 18 14 10 24 121 260 0
14 10 20 174 12 83 43 43 15 54 242 310 0
16 3 2 93 8 26 13 16 32 17 63 145 0
17 1 3 19 1 10 3 6 2 10 27 42 0
19 0 4 25 0 9 7 5 3 7 31 51 0
24 9 12 165 12 85 13 29 14 21 139 251 1
18 6 9 200 4 55 18 14 10 24 121 260 0
14 1 22 174 12 83 43 43 15 54 242 310 0
16 1 8 93 8 26 13 16 32 17 63 145 0
17 0 2 19 1 10 3 6 2 10 27 42 0
19 2 3 25 0 9 7 5 3 7 31 51 0
24 4 11 165 12 85 13 29 14 21 139 251 1
18 3 9 200 4 55 18 14 10 24 121 260 0
14 4 9 174 12 83 43 43 15 54 242 310 0
16 0 2 93 8 26 13 16 32 17 63 145 0
17 1 1 19 1 10 3 6 2 10 27 42 0
19 2 2 25 0 9 7 5 3 7 31 51 0
24 4 1 165 12 85 13 29 14 21 139 251 1
18 3 14 200 4 55 18 14 10 24 121 260 0
14 12 7 174 12 83 43 43 15 54 242 310 0
16 5 3 93 8 26 13 16 32 17 63 145 0
17 0 0 19 1 10 3 6 2 10 27 42 0
19 1 1 25 0 9 7 5 3 7 31 51 0
24 5 1 165 12 85 13 29 14 21 139 251 1
18 3 5 200 4 55 18 14 10 24 121 260 0
14 20 20 174 12 83 43 43 15 54 242 310 0
16 4 4 93 8 26 13 16 32 17 63 145 0
17 0 1 19 1 10 3 6 2 10 27 42 0
19 2 3 25 0 9 7 5 3 7 31 51 0
24 6 11 165 12 85 13 29 14 21 139 251 1
18 6 4 200 4 55 18 14 10 24 121 260 0
14 32 44 174 12 83 43 43 15 54 242 310 0
16 0 4 93 8 26 13 16 32 17 63 145 0
17 2 1 19 1 10 3 6 2 10 27 42 0
19 4 4 25 0 9 7 5 3 7 31 51 0
24 1 4 165 12 85 13 29 14 21 139 251 1
18 10 16 200 4 55 18 14 10 24 121 260 0
14 18 30 174 12 83 43 43 15 54 242 310 0
16 2 9 93 8 26 13 16 32 17 63 145 0
17 1 0 19 1 10 3 6 2 10 27 42 0
19 0 3 25 0 9 7 5 3 7 31 51 0
24 4 19 165 12 85 13 29 14 21 139 251 1
18 2 9 200 4 55 18 14 10 24 121 260 0
14 2 29 174 12 83 43 43 15 54 242 310 0
16 0 5 93 8 26 13 16 32 17 63 145 0
17 0 0 19 1 10 3 6 2 10 27 42 0
19 2 8 25 0 9 7 5 3 7 31 51 0
24 7 14 165 12 85 13 29 14 21 139 251 1
18 4 10 200 4 55 18 14 10 24 121 260 0
14 5 14 174 12 83 43 43 15 54 242 310 0
16 1 2 93 8 26 13 16 32 17 63 145 0
17 0 0 19 1 10 3 6 2 10 27 42 0
19 3 2 25 0 9 7 5 3 7 31 51 0
24 2 5 165 12 85 13 29 14 21 139 251 1
18 1 7 200 4 55 18 14 10 24 121 260 0
14 9 11 174 12 83 43 43 15 54 242 310 0
16 2 2 93 8 26 13 16 32 17 63 145 0
17 0 0 19 1 10 3 6 2 10 27 42 0
19 3 1 25 0 9 7 5 3 7 31 51 0
24 3 1 165 12 85 13 29 14 21 139 251 1
18 3 9 200 4 55 18 14 10 24 121 260 0
14 19 23 174 12 83 43 43 15 54 242 310 0
16 7 4 93 8 26 13 16 32 17 63 145 0
17 0 0 19 1 10 3 6 2 10 27 42 0
19 4 5 25 0 9 7 5 3 7 31 51 0
24 5 6 165 12 85 13 29 14 21 139 251 1
18 6 4 200 4 55 18 14 10 24 121 260 0
14 17 32 174 12 83 43 43 15 54 242 310 0
16 1 7 93 8 26 13 16 32 17 63 145 0
17 3 3 19 1 10 3 6 2 10 27 42 0
19 4 7 25 0 9 7 5 3 7 31 51 0
24 6 8 165 12 85 13 29 14 21 139 251 1
18 5 15 200 4 55 18 14 10 24 121 260 0
14 18 31 174 12 83 43 43 15 54 242 310 0
16 5 12 93 8 26 13 16 32 17 63 145 0
17 2 2 19 1 10 3 6 2 10 27 42 0
19 3 4 25 0 9 7 5 3 7 31 51 0
24 4 15 165 12 85 13 29 14 21 139 251 1
18 6 6 200 4 55 18 14 10 24 121 260 0
14 12 38 174 12 83 43 43 15 54 242 310 0
16 1 8 93 8 26 13 16 32 17 63 145 0
17 0 2 19 1 10 3 6 2 10 27 42 0
19 2 5 25 0 9 7 5 3 7 31 51 0
24 1 18 165 12 85 13 29 14 21 139 251 1
18 12 21 200 4 55 18 14 10 24 121 260 0
14 3 27 174 12 83 43 43 15 54 242 310 0
16 1 7 93 8 26 13 16 32 17 63 145 0
17 0 1 19 1 10 3 6 2 10 27 42 0
19 1 6 25 0 9 7 5 3 7 31 51 0
24 3 8 165 12 85 13 29 14 21 139 251 1
18 3 11 200 4 55 18 14 10 24 121 260 0
14 6 15 174 12 83 43 43 15 54 242 310 0
16 0 1 93 8 26 13 16 32 17 63 145 0
17 1 0 19 1 10 3 6 2 10 27 42 0
19 3 6 25 0 9 7 5 3 7 31 51 0
24 5 8 165 12 85 13 29 14 21 139 251 1
18 3 8 200 4 55 18 14 10 24 121 260 0
14 24 26 174 12 83 43 43 15 54 242 310 0
16 1 3 93 8 26 13 16 32 17 63 145 0
17 1 1 19 1 10 3 6 2 10 27 42 0
19 5 2 25 0 9 7 5 3 7 31 51 0
24 5 6 165 12 85 13 29 14 21 139 251 1
18 6 11 200 4 55 18 14 10 24 121 260 0
14 23 32 174 12 83 43 43 15 54 242 310 0
16 2 3 93 8 26 13 16 32 17 63 145 0
17 1 0 19 1 10 3 6 2 10 27 42 0
19 0 3 25 0 9 7 5 3 7 31 51 0
24 15 14 165 12 85 13 29 14 21 139 251 1
18 3 6 200 4 55 18 14 10 24 121 260 0
14 9 11 174 12 83 43 43 15 54 242 310 0
16 1 4 93 8 26 13 16 32 17 63 145 0
17 0 0 19 1 10 3 6 2 10 27 42 0
19 3 3 25 0 9 7 5 3 7 31 51 0
24 4 8 165 12 85 13 29 14 21 139 251 1
18 3 13 200 4 55 18 14 10 24 121 260 0
14 10 21 174 12 83 43 43 15 54 242 310 0
16 0 4 93 8 26 13 16 32 17 63 145 0
17 1 2 19 1 10 3 6 2 10 27 42 0
19 0 3 25 0 9 7 5 3 7 31 51 0
24 4 8 165 12 85 13 29 14 21 139 251 1
18 7 8 200 4 55 18 14 10 24 121 260 0
14 5 22 174 12 83 43 43 15 54 242 310 0
16 5 10 93 8 26 13 16 32 17 63 145 0
17 0 1 19 1 10 3 6 2 10 27 42 0
19 2 8 25 0 9 7 5 3 7 31 51 0
24 1 5 165 12 85 13 29 14 21 139 251 1
18 7 14 200 4 55 18 14 10 24 121 260 0
14 7 14 174 12 83 43 43 15 54 242 310 0
16 0 5 93 8 26 13 16 32 17 63 145 0
17 0 2 19 1 10 3 6 2 10 27 42 0
19 2 4 25 0 9 7 5 3 7 31 51 0
24 5 8 165 12 85 13 29 14 21 139 251 1
18 4 14 200 4 55 18 14 10 24 121 260 0
14 8 13 174 12 83 43 43 15 54 242 310 0
16 0 1 93 8 26 13 16 32 17 63 145 0
17 0 0 19 1 10 3 6 2 10 27 42 0
19 0 1 25 0 9 7 5 3 7 31 51 0
24 8 9 165 12 85 13 29 14 21 139 251 1
18 6 2 200 4 55 18 14 10 24 121 260 0
14 14 11 174 12 83 43 43 15 54 242 310 0
16 1 3 93 8 26 13 16 32 17 63 145 0
17 0 0 19 1 10 3 6 2 10 27 42 0
19 1 2 25 0 9 7 5 3 7 31 51 0
24 8 8 165 12 85 13 29 14 21 139 251 1
18 5 13 200 4 55 18 14 10 24 121 260 0
