14 -1
16 -1
17 -1
19 -1
24 1
18 -1
14 -1
16 -1
17 -1
19 -1
24 1
18 -1
14 -1
16 -1
17 -1
19 -1
24 1
18 -1
14 -1
16 -1
17 -1
19 -1
24 -1
18 -1
14 -1
16 -1
17 -1
19 -1
24 1
18 -1
14 -1
16 -1
17 -1
19 -1
24 1
18 -1
14 1
16 1
17 1
19 1
24 1
18 1
14 -1
16 -1
17 -1
19 -1
24 1
18 -1
14 -1
16 -1
17 -1
19 -1
24 1
18 -1
14 -1
16 -1
17 -1
19 -1
24 -1
18 -1
14 -1
16 -1
17 -1
19 -1
24 1
18 -1
14 -1
16 -1
17 -1
19 -1
24 1
18 -1
14 1
16 1
17 1
19 1
24 1
18 1
14 -1
16 -1
17 -1
19 -1
24 1
18 -1
14 -1
16 -1
17 -1
19 -1
24 -1
18 -1
14 -1
16 -1
17 -1
19 -1
24 -1
18 -1
14 -1
16 -1
17 -1
19 -1
24 1
18 -1
14 1
16 1
17 1
19 1
24 1
18 1
14 -1
16 -1
17 -1
19 -1
24 1
18 -1
14 -1
16 -1
17 -1
19 -1
24 1
18 -1
14 -1
16 -1
17 -1
19 -1
24 1
18 -1
14 -1
16 -1
17 -1
19 -1
24 -1
18 -1
14 1
16 1
17 1
19 1
24 1
18 1
14 -1
16 -1
17 -1
19 -1
24 1
18 -1
14 -1
16 -1
17 -1
19 -1
24 1
18 -1
14 -1
16 -1
17 -1
19 -1
24 1
18 -1
14 1
16 1
17 1
19 1
24 -1
18 1
14 -1
16 -1
17 -1
19 -1
24 1
18 -1
14 -1
16 -1
17 -1
19 -1
24 1
18 -1
14 -1
16 -1
17 -1
19 -1
24 1
18 -1
14 -1
16 -1
17 -1
19 -1
24 1
18 -1
14 -1
16 -1
17 -1
19 -1
24 1
18 -1
14 -1
16 -1
17 -1
19 -1
24 -1
18 -1
14 -1
16 -1
17 -1
19 -1
24 -1
18 -1
14 -1
16 -1
17 -1
19 -1
24 1
18 -1
14 -1
16 -1
17 -1
19 -1
24 1
18 -1
14 -1
16 -1
17 -1
19 -1
24 1
18 -1
14 1
16 1
17 1
19 1
24 1
18 1
14 -1
16 -1
17 -1
19 -1
24 -1
18 -1
14 -1
16 -1
17 -1
19 -1
24 -1
18 -1
14 -1
16 -1
17 -1
19 -1
24 1
18 -1
14 -1
16 -1
17 -1
19 -1
24 1
18 -1
