1 76
0 3 12 76
3 5 76
1 2 4 5 12 13 15 76
3 5 6 15 20 21
2 4 6
4 5 7 21 23
6 23 27 31
9
8 10 11 75
9 11 14
9 10 12 13
1 3 11 13
3 11 12 15
10 11 15 16 18
4 13 14 19 20
14 17 18 75
16 18 24
14 16 17 19 24
15 18 20 21 22
4 15 19 21
4 6 19 20 22 23
19 21 23 24 25 26
6 7 21 22 27
17 18 22 25 28
22 24 26 28
22 25 27 28
7 23 26 28 30 31 32
24 25 26 27 29 30
28 30 55 56 57
27 28 29 33 58 59
7 27 32
27 31 33 34
30 32 34 36 59
32 33 35 37
34 37 38
33 37 39 59 60 67
34 35 36 38 39
35 37 40
36 37 40 41 67 68
38 39 41
39 40 42 68
41 44 45 68
44 46 48 68 70
42 43 45 47 68
42 44 47 50 51
43 44 47 48 49 50
44 45 46 50
43 46 49 52 72 74
46 48 50 53
46 47 49 51 53 54
45 50 54
48 53 74
48 49 50 52 54
50 51 53
56 61 63
29 55 57 61
29 56 58 60 61 62
30 57 59 60
30 33 36 58 60
36 57 58 59 62 66 67
55 56 57 62 64
57 60 61 65 66
55 64
55 61 63 69
62 64 66 69
60 62 65 67 70
36 39 60 66 68 70
39 41 42 43 44 67 70
64 65 70 71
43 48 66 67 68 69 71 72
69 70 72 73 74
48 70 71 74
71 74
48 52 71 72 73
9 16
0 1 2 3